# 경희대학교 공과대학
# 9개 학과, 총 546명의 토익 점수 데이터 (학과별 인원 상이)

# 기계공학과 90명  시험 일시: 2025.03.15
840
625
675
710
590
670
670
495
770
730
605
655
720
645
645
525
725
680
695
515
835
685
630
875
665
525
630
440
775
630
595
775
505
725
465
605
550
815
845
635
755
650
725
595
500
490
710
895
695
620
860
695
680
695
655
640
525
720
660
790
635
480
660
840
630
580
550
565
640
550
820
640
680
815
820
650
705
745
650
490
735
760
710
580
650
610
640
800
825
735

# 산업경영공학과 62명  시험 일시: 2025.03.22
825
840
770
760
705
765
990
855
735
725
685
805
810
625
820
715
915
785
940
725
740
800
875
825
645
790
770
725
705
945
730
685
835
785
760
850
820
805
865
800
710
735
720
790
660
585
780
635
575
805
700
820
715
660
645
720
745
690
740
615
770
590

# 원자력공학과 46명  시험 일시: 2025.04.05
690
780
820
880
555
785
830
810
615
750
895
560
760
820
640
770
605
630
630
730
700
805
615
695
805
765
580
775
660
750
740
830
720
525
575
785
685
825
735
635
820
630
505
915
520
775

# 화학공학과 70명  시험 일시: 2025.04.12
815
735
550
820
575
585
685
800
750
800
675
705
605
690
780
690
770
665
660
725
700
780
740
895
700
695
615
720
790
645
715
790
705
670
815
730
760
835
835
685
665
750
705
530
850
720
795
605
850
660
710
580
705
695
700
765
725
820
675
620
720
785
845
800
545
760
865
725
670
750

# 신소재공학과 65명  시험 일시: 2025.04.19
750
865
800
940
850
730
860
895
745
755
570
890
740
590
625
780
875
790
845
690
665
890
850
795
930
705
760
905
985
800
970
740
835
785
640
825
895
785
795
940
675
650
735
680
935
830
715
740
990
740
725
830
865
820
710
685
860
795
635
915
880
775
775
825
730

# 사회기반시스템공학과 63명  시험 일시: 2025.05.03
515
680
505
690
505
640
635
830
545
510
585
540
590
690
725
815
575
915
850
630
420
640
655
420
655
630
570
715
750
600
675
585
570
660
700
595
430
710
490
660
830
650
530
505
765
650
705
745
645
620
555
340
500
645
630
690
635
665
730
560
620
490
745

# 건축공학과 67명  시험 일시: 2025.05.10
695
740
845
800
685
770
545
735
705
530
825
620
760
650
790
820
605
535
675
775
655
630
740
415
625
550
720
615
580
655
545
690
620
650
620
780
680
740
740
610
745
725
720
650
645
770
910
605
745
655
770
735
795
410
630
590
680
620
625
760
880
410
660
720
690
655
555

# 환경학및환경공학과 39명  시험 일시: 2025.05.17
655
820
860
760
665
760
725
805
760
690
770
630
830
870
630
790
650
855
840
725
850
705
685
695
735
720
765
690
825
850
700
605
820
865
735
620
775
900
560

# 건축학과 44명  시험 일시: 2025.05.24
780
700
645
780
600
760
860
750
640
550
600
545
890
705
625
600
625
695
600
900
655
650
760
875
860
680
755
745
785
755
635
605
750
610
865
735
625
700
680
715
825
585
545
765
