# 경희대학교 공과대학
# 9개 학과, 학과 당 50명, 총 450명의 토익 점수 데이터

# 기계공학과 50명  시험 일시: 2025.03.15
720
655
735
820
645
645
830
745
625
725
625
625
695
480
500
615
570
700
580
530
815
645
675
530
615
680
555
710
610
640
610
855
670
565
750
550
690
475
535
690
745
685
660
640
520
600
625
775
705
495

# 산업경영공학과 50명  시험 일시: 2025.03.22
800
730
700
830
875
865
685
740
805
870
720
750
660
650
850
905
765
870
805
705
805
925
765
925
510
850
780
740
780
570
750
805
920
720
690
720
860
805
715
820
780
865
700
735
730
625
800
795
770
745

# 원자력공학과 50명  시험 일시: 2025.04.05
570
670
675
630
695
750
900
725
735
705
520
705
715
955
690
740
705
595
825
785
790
620
850
570
770
930
610
655
720
660
555
715
605
755
620
865
630
680
790
585
735
840
550
730
735
790
585
580
760
740

# 화학공학과 50명  시험 일시: 2025.04.12
745
755
650
745
750
650
905
765
600
785
625
800
835
640
815
760
800
910
695
645
630
640
710
755
750
805
720
865
695
990
785
635
615
770
700
790
765
715
635
570
675
805
740
595
735
760
630
735
725
605

# 신소재공학과 50명  시험 일시: 2025.04.19
835
855
910
905
660
705
850
850
850
990
855
915
895
865
770
875
725
775
750
810
990
615
870
640
755
910
805
690
730
870
725
820
805
735
990
865
595
820
735
885
720
790
850
885
680
765
755
735
975
840

# 사회기반시스템공학과 50명  시험 일시: 2025.05.03
525
740
860
755
500
600
775
580
695
725
555
645
325
550
625
525
815
505
605
665
795
505
765
650
550
695
670
590
655
610
660
715
810
525
865
455
635
710
680
590
630
600
590
735
685
580
740
680
730
715

# 건축공학과 50명  시험 일시: 2025.05.10
605
635
765
750
690
700
820
630
745
670
670
800
775
770
820
690
760
660
720
675
700
750
610
900
590
570
805
770
750
755
690
600
700
620
790
675
605
660
730
635
610
715
715
640
645
715
545
550
620
670

# 환경학및환경공학과 50명  시험 일시: 2025.05.17
780
900
835
735
750
650
750
720
780
665
800
905
740
790
820
710
770
750
760
675
750
800
895
845
965
675
835
770
970
670
665
690
540
695
675
765
785
940
845
690
660
800
620
935
870
705
580
885
740
875

# 건축학과 50명  시험 일시: 2025.05.24
570
670
730
735
685
790
625
715
740
780
800
620
575
860
765
655
885
740
850
735
935
905
705
825
795
865
635
800
835
555
610
525
705
800
880
735
895
590
560
725
770
725
525
720
600
795
765
635
680
625
